Random symmetric matrix A:
       539        572        194        894        328        391         19 
       572        391        415        201        635        324        155 
       194        415         37         82        552        606        906 
       894        201         82         84        282         10        274 
       328        635        552        282        524        669        299 
       391        324        606         10        669        791         13 
        19        155        906        274        299         13        525 
D:
      -858  -4.68e-09   3.44e-11   1.99e-15   3.79e-06  -1.39e-06  -4.62e-08 
 -4.68e-09       -718   8.26e-11   4.88e-17   7.81e-07   -1.8e-07   -3.2e-09 
  3.44e-11   8.26e-11       -182   2.71e-20  -1.89e-07   1.86e-08   8.89e-11 
 -3.24e-14  -5.32e-14  -6.15e-16        151  -2.03e-07  -5.48e-12    9.5e-15 
  3.79e-06   7.81e-07  -1.89e-07  -2.03e-07        770  -1.73e-18  -1.25e-05 
 -1.39e-06   -1.8e-07   1.86e-08  -5.58e-12   2.83e-14        999   8.62e-06 
 -4.62e-08   -3.2e-09   8.89e-11  -1.52e-14  -1.25e-05   8.62e-06   2.73e+03 
V:
     0.231     -0.558      0.171       0.23      0.179      0.608      0.389 
    0.0339      0.306      0.515     -0.683    -0.0335      0.142       0.39 
    -0.726     -0.327      0.197     0.0974      0.118     -0.396      0.385 
    -0.345        0.6     -0.304      0.232      0.384      0.404      0.254 
    0.0998     -0.182     -0.741     -0.378     -0.192    -0.0967      0.468 
     0.163      0.286      0.149      0.502     -0.649     -0.114      0.428 
     0.513      0.117     0.0593       0.15      0.589     -0.517      0.286 
V^T*A*V equals D.
V*D*V^T equals A.
V^T*V equals identity matrix.
V*V^T equals identity matrix.
