sqrt(2) = 1.4142135623731
2 to the power of 1/5 = 1.14869835499704
e to the power of pi = 23.1406926327793
pi to the power of e = 22.459157718361
gamma(1.0) = 0.999999989064903
gamma(2.0) = 0.999999989064903
gamma(3.0) = 1.99999997812981
gamma(10.0) = 362879.997652016
